For Voted Perceptron:
Distinct Weight Vectors 											 Counts
[0. 0. 0. 0. 0.]			0
[-0.01     -0.038481 -0.101539  0.038561  0.042228]			2
[-0.02       -0.03800092 -0.085502   -0.046195    0.0346722 ]			1
[-0.01       -0.05066792 -0.057319   -0.070455    0.0158102 ]			8
[ 0.         -0.07119692 -0.018934   -0.0784094   0.0036722 ]			3
[ 0.01       -0.10388892 -0.14634     0.0771636   0.002254  ]			7
[ 0.02       -0.14309292 -0.105617    0.0747958  -0.018897  ]			5
[ 0.01       -0.17775992 -0.064893    0.0319138  -0.034315  ]			9
[ 0.         -0.17658162 -0.049104   -0.0483862  -0.03403469]			10
[ 0.01       -0.16208062 -0.013037   -0.0889432  -0.05000069]			2
[ 0.02       -0.20884562 -0.069673    0.0207468  -0.05334559]			1
[ 0.01       -0.18236662 -0.171047    0.0340568   0.00136141]			3
[ 0.02       -0.18120742 -0.138828   -0.0002452  -0.02709559]			1
[ 0.03       -0.20708742 -0.100174   -0.0035812  -0.03989259]			8
[ 0.04       -0.20587482 -0.0979393  -0.0083139  -0.03019019]			2
[ 0.05       -0.21078292 -0.0694873  -0.0447499  -0.06119419]			10
[ 0.06       -0.18883992 -0.0239843  -0.0945099  -0.08844819]			2
[ 0.07       -0.22905792 -0.1070243   0.0310401  -0.10354719]			3
[ 0.08       -0.22795472 -0.0872833  -0.0026279  -0.11007309]			14
[ 0.09       -0.22494662 -0.0855452  -0.0201699  -0.10518099]			6
[ 0.1        -0.21894162 -0.0662182  -0.0530579  -0.10842249]			11
[ 0.11       -0.20838962 -0.0543612  -0.0794689  -0.10731919]			17
[ 0.1        -0.20890941 -0.1248822  -0.0589279  -0.07581119]			27
[ 0.09       -0.22034141 -0.0874692  -0.1147049  -0.06945339]			30
[ 0.08       -0.19386241 -0.1888432  -0.1013949  -0.01474639]			3
[ 0.09       -0.18419161 -0.1504172  -0.1507089  -0.05606939]			12
[ 0.08       -0.18748401 -0.1058652  -0.1964269  -0.04618139]			6
[ 0.09       -0.20458801 -0.1536452  -0.1343179  -0.04220739]			7
[ 0.1        -0.19899411 -0.1567492  -0.1324872  -0.03774209]			31
[ 0.09       -0.20418911 -0.1241162  -0.1633822  -0.02789309]			13
[ 0.1        -0.23561211 -0.2544812  -0.0066092  -0.03450959]			2
[ 0.09       -0.25286911 -0.2097842  -0.0888282  -0.01643659]			1
[ 0.1        -0.32329011 -0.1177842  -0.0862349  -0.06326859]			30
[ 0.11       -0.30649111 -0.0757162  -0.1316329  -0.08719959]			53
[ 0.12       -0.29297311 -0.0651212  -0.1550699  -0.08319979]			15
[ 0.13       -0.32803311 -0.1907882  -0.0034639  -0.09072139]			24
[ 0.14       -0.31070211 -0.1512442  -0.0508759  -0.11573839]			18
[ 0.13       -0.32891811 -0.0864962  -0.1313899  -0.11155289]			17
[ 0.12       -0.32104911 -0.1821592  -0.0935229  -0.03651889]			5
[ 0.13       -0.30597211 -0.1625632  -0.1241069  -0.03774319]			18
[ 0.14       -0.29585511 -0.1535412  -0.1476129  -0.03347179]			104
[ 0.15       -0.27193811 -0.1079762  -0.1975009  -0.06245879]			21
[ 0.16       -0.30799111 -0.1677162  -0.0965849  -0.07074339]			27
[ 0.15       -0.30638031 -0.1030922  -0.1801579  -0.05552739]			27
[ 0.16       -0.34334131 -0.2398712  -0.0043629  -0.08170839]			12
[ 0.17       -0.33439011 -0.1921332  -0.0527939  -0.13761739]			1
[ 0.16       -0.33958481 -0.1595002  -0.0836889  -0.12776819]			113
[ 0.15       -0.34287681 -0.1149482  -0.1294069  -0.11788019]			1
[ 0.16       -0.32256681 -0.0964282  -0.1595279  -0.11785016]			10
[ 0.15       -0.31893891 -0.1793232  -0.1403149  -0.08451816]			28
[ 0.16       -0.29876191 -0.1613412  -0.1698959  -0.08241916]			48
[ 0.17       -0.28656391 -0.1403592  -0.2018499  -0.08113486]			7
[ 0.16       -0.27869491 -0.2360222  -0.1639829  -0.00610086]			29
[ 0.17       -0.34205891 -0.1431742  -0.16384015 -0.07394486]			24
[ 0.16       -0.31557991 -0.2445482  -0.15053015 -0.01923786]			28
[ 0.17       -0.30107891 -0.2084812  -0.19108715 -0.03520386]			27
[ 0.18       -0.27913591 -0.1629782  -0.24084715 -0.06245786]			2
[ 0.19       -0.31935391 -0.2460182  -0.11529715 -0.07755686]			23
[ 0.2        -0.31334891 -0.2266912  -0.14818515 -0.08079836]			11
[ 0.21       -0.30279691 -0.2148342  -0.17459615 -0.07969506]			11
[ 0.22       -0.28790091 -0.1805462  -0.21490515 -0.09395406]			78
[ 0.21       -0.29119331 -0.1359942  -0.26062315 -0.08406606]			6
[ 0.22       -0.30829731 -0.1837742  -0.19851415 -0.08009206]			38
[ 0.21       -0.31349231 -0.1511412  -0.22940915 -0.07024306]			13
[ 0.22       -0.34491531 -0.2815062  -0.07263615 -0.07685956]			2
[ 0.21       -0.36217231 -0.2368092  -0.15485515 -0.05878656]			6
[ 0.2        -0.37146931 -0.1988382  -0.20128415 -0.05582956]			25
[ 0.21       -0.35467031 -0.1567702  -0.24668215 -0.07976056]			20
[ 0.22       -0.38697531 -0.2289052  -0.13024915 -0.08922186]			23
[ 0.21       -0.38052811 -0.1828432  -0.21371915 -0.06212286]			10
[ 0.22       -0.36701011 -0.1722482  -0.23715615 -0.05812306]			74
[ 0.21       -0.35914111 -0.2679112  -0.19928915  0.01691094]			5
[ 0.22       -0.34406411 -0.2483152  -0.22987315  0.01568664]			58
[ 0.23       -0.33724611 -0.1998112  -0.28200615 -0.04535636]			26
[ 0.24       -0.36261911 -0.2694012  -0.19395215 -0.03006736]			38
[ 0.25       -0.33870211 -0.2238362  -0.24384015 -0.05905436]			53
[ 0.24       -0.34389711 -0.1912032  -0.27473515 -0.04920536]			22
[ 0.25       -0.38085811 -0.3279822  -0.09894015 -0.07538636]			12
[ 0.26       -0.37190691 -0.2802442  -0.14737115 -0.13129536]			1
[ 0.25       -0.37710161 -0.2476112  -0.17826615 -0.12144616]			113
[ 0.24       -0.38039361 -0.2030592  -0.22398415 -0.11155816]			1
[ 0.25       -0.36008361 -0.1845392  -0.25410515 -0.11152813]			38
[ 0.26       -0.33990661 -0.1665572  -0.28368615 -0.10942913]			49
[ 0.27       -0.34711341 -0.2341402  -0.22527815 -0.10319223]			114
[ 0.28       -0.32517041 -0.1886372  -0.27503815 -0.13044623]			2
[ 0.29       -0.36538841 -0.2716772  -0.14948815 -0.14554523]			34
[ 0.3        -0.35483641 -0.2598202  -0.17589915 -0.14444193]			11
[ 0.31       -0.33994041 -0.2255322  -0.21620815 -0.15870093]			63
[ 0.3        -0.31346141 -0.3269062  -0.20289815 -0.10399393]			15
[ 0.29       -0.31675381 -0.2823542  -0.24861615 -0.09410593]			44
[ 0.28       -0.32194881 -0.2497212  -0.27951115 -0.08425693]			49
[ 0.27       -0.32714381 -0.2170882  -0.31040615 -0.07440793]			17
[ 0.28       -0.35944881 -0.2892232  -0.19397315 -0.08386923]			23
[ 0.27       -0.35300161 -0.2431612  -0.27744315 -0.05677023]			211
[ 0.28       -0.32908461 -0.1975962  -0.32733115 -0.08575723]			11
[ 0.29       -0.36665761 -0.2805122  -0.22429915 -0.08195133]			37
[ 0.28       -0.36504681 -0.2158882  -0.30787215 -0.06673533]			27
[ 0.29       -0.40200781 -0.3526672  -0.13207715 -0.09291633]			12
[ 0.3        -0.39305661 -0.3049292  -0.18050815 -0.14882533]			1
[ 0.29       -0.39825131 -0.2722962  -0.21140315 -0.13897613]			113
[ 0.28       -0.40154331 -0.2277442  -0.25712115 -0.12908813]			1
[ 0.29       -0.38123331 -0.2092242  -0.28724215 -0.1290581 ]			38
[ 0.3        -0.36105631 -0.1912422  -0.31682315 -0.1269591 ]			49
[ 0.31       -0.36826311 -0.2588252  -0.25841515 -0.1207222 ]			6
[ 0.3        -0.36039411 -0.3544882  -0.22054815 -0.0456882 ]			29
[ 0.31       -0.42375811 -0.2616402  -0.2204054  -0.1135322 ]			52
[ 0.32       -0.40925711 -0.2255732  -0.2609624  -0.1294982 ]			3
[ 0.31       -0.38277811 -0.3269472  -0.2476524  -0.0747912 ]			24
[ 0.32       -0.36083511 -0.2814442  -0.2974124  -0.1020452 ]			125
[ 0.31       -0.36412751 -0.2368922  -0.3431304  -0.0921572 ]			6
[ 0.32       -0.38123151 -0.2846722  -0.2810214  -0.0881832 ]			38
[ 0.31       -0.38642651 -0.2520392  -0.3119164  -0.0783342 ]			13
[ 0.32       -0.41784951 -0.3824042  -0.1551434  -0.0849507 ]			2
[ 0.31       -0.43510651 -0.3377072  -0.2373624  -0.0668777 ]			6
[ 0.3        -0.44440351 -0.2997362  -0.2837914  -0.0639207 ]			25
[ 0.31       -0.42760451 -0.2576682  -0.3291894  -0.0878517 ]			20
[ 0.32       -0.45990951 -0.3298032  -0.2127564  -0.097313  ]			23
[ 0.31       -0.45346231 -0.2837412  -0.2962264  -0.070214  ]			49
[ 0.32       -0.43613131 -0.2441972  -0.3436384  -0.095231  ]			35
[ 0.31       -0.42826231 -0.3398602  -0.3057714  -0.020197  ]			5
[ 0.32       -0.41318531 -0.3202642  -0.3363554  -0.0214213 ]			122
[ 0.33       -0.38926831 -0.2746992  -0.3862434  -0.0504083 ]			21
[ 0.34       -0.42532131 -0.3344392  -0.2853274  -0.0586929 ]			27
[ 0.33       -0.42371051 -0.2698152  -0.3689004  -0.0434769 ]			27
[ 0.34       -0.46067151 -0.4065942  -0.1931054  -0.0696579 ]			12
[ 0.35       -0.45172031 -0.3588562  -0.2415364  -0.1255669 ]			1
[ 0.34       -0.45691501 -0.3262232  -0.2724314  -0.1157177 ]			113
[ 0.33       -0.46020701 -0.2816712  -0.3181494  -0.1058297 ]			1
[ 0.34       -0.43989701 -0.2631512  -0.3482704  -0.10579967]			38
[ 0.35       -0.41972001 -0.2451692  -0.3778514  -0.10370067]			52
[ 0.36       -0.43811101 -0.3360522  -0.2854354  -0.10474387]			84
[ 0.37       -0.42361001 -0.2999852  -0.3259924  -0.12070987]			152
[ 0.36       -0.42690241 -0.2554332  -0.3717104  -0.11082187]			6
[ 0.37       -0.44400641 -0.3032132  -0.3096014  -0.10684787]			38
[ 0.36       -0.44920141 -0.2705802  -0.3404964  -0.09699887]			49
[ 0.35       -0.45439641 -0.2379472  -0.3713914  -0.08714987]			17
[ 0.36       -0.48670141 -0.3100822  -0.2549584  -0.09661117]			23
[ 0.35       -0.48025421 -0.2640202  -0.3384284  -0.06951217]			84
[ 0.34       -0.47238521 -0.3596832  -0.3005614   0.00552183]			5
[ 0.35       -0.45730821 -0.3400872  -0.3311454   0.00429753]			82
[ 0.36       -0.44993221 -0.2915622  -0.3791314  -0.05236147]			38
[ 0.37       -0.49370521 -0.3467292  -0.2697414  -0.05644347]			2
[ 0.38       -0.46978821 -0.3011642  -0.3196294  -0.08543047]			53
[ 0.37       -0.47498321 -0.2685312  -0.3505244  -0.07558147]			22
[ 0.38       -0.51194421 -0.4053102  -0.1747294  -0.10176247]			12
[ 0.39       -0.50299301 -0.3575722  -0.2231604  -0.15767147]			1
[ 0.38       -0.50818771 -0.3249392  -0.2540554  -0.14782227]			113
[ 0.37       -0.51147971 -0.2803872  -0.2997734  -0.13793427]			1
[ 0.38       -0.49116971 -0.2618672  -0.3298944  -0.13790424]			38
[ 0.39       -0.47099271 -0.2438852  -0.3594754  -0.13580524]			55
[ 0.38       -0.46312371 -0.3395482  -0.3216084  -0.06077124]			81
[ 0.39       -0.44862271 -0.3034812  -0.3621654  -0.07673724]			61
[ 0.4        -0.48220471 -0.3758852  -0.2477464  -0.08244854]			13
[ 0.41       -0.46730871 -0.3415972  -0.2880554  -0.09670754]			78
[ 0.4        -0.47060111 -0.2970452  -0.3337734  -0.08681954]			44
[ 0.39       -0.47579611 -0.2644122  -0.3646684  -0.07697054]			13
[ 0.4        -0.50721911 -0.3947772  -0.2078954  -0.08358704]			8
[ 0.39       -0.51651611 -0.3568062  -0.2543244  -0.08063004]			25
[ 0.4        -0.49971711 -0.3147382  -0.2997224  -0.10456104]			3
[ 0.39       -0.50491211 -0.2821052  -0.3306174  -0.09471204]			124
[ 0.38       -0.49704311 -0.3777682  -0.2927504  -0.01967804]			5
[ 0.39       -0.48196611 -0.3581722  -0.3233344  -0.02090234]			82
[ 0.4        -0.47459011 -0.3096472  -0.3713204  -0.07756134]			40
[ 0.41       -0.45067311 -0.2640822  -0.4212084  -0.10654834]			11
[ 0.42       -0.48824611 -0.3469982  -0.3181764  -0.10274244]			37
[ 0.41       -0.48663531 -0.2823742  -0.4017494  -0.08752644]			27
[ 0.42       -0.52359631 -0.4191532  -0.2259544  -0.11370744]			12
[ 0.43       -0.51464511 -0.3714152  -0.2743854  -0.16961644]			1
[ 0.42       -0.51983981 -0.3387822  -0.3052804  -0.15976724]			113
[ 0.41       -0.52313181 -0.2942302  -0.3509984  -0.14987924]			1
[ 0.42       -0.50282181 -0.2757102  -0.3811194  -0.14984921]			93
[ 0.41       -0.49495281 -0.3713732  -0.3432524  -0.07481521]			81
[ 0.42       -0.48045181 -0.3353062  -0.3838094  -0.09078121]			27
[ 0.43       -0.45850881 -0.2898032  -0.4335694  -0.11803521]			2
[ 0.44       -0.49872681 -0.3728432  -0.3080194  -0.13313421]			45
[ 0.45       -0.48383081 -0.3385552  -0.3483284  -0.14739321]			78
[ 0.44       -0.48712321 -0.2940032  -0.3940464  -0.13750521]			44
[ 0.43       -0.49231821 -0.2613702  -0.4249414  -0.12765621]			13
[ 0.44       -0.52374121 -0.3917352  -0.2681684  -0.13427271]			8
[ 0.43       -0.53303821 -0.3537642  -0.3145974  -0.13131571]			25
[ 0.44       -0.51623921 -0.3116962  -0.3599954  -0.15524671]			3
[ 0.43       -0.52143421 -0.2790632  -0.3908904  -0.14539771]			17
[ 0.44       -0.55373921 -0.3511982  -0.2744574  -0.15485901]			23
[ 0.43       -0.54729201 -0.3051362  -0.3579274  -0.12776001]			84
[ 0.42       -0.53942301 -0.4007992  -0.3200604  -0.05272601]			5
[ 0.43       -0.52434601 -0.3812032  -0.3506444  -0.05395031]			122
[ 0.44       -0.50042901 -0.3356382  -0.4005324  -0.08293731]			53
[ 0.43       -0.50562401 -0.3030052  -0.4314274  -0.07308831]			22
[ 0.44       -0.54258501 -0.4397842  -0.2556324  -0.09926931]			12
[ 0.45       -0.53363381 -0.3920462  -0.3040634  -0.15517831]			1
[ 0.44       -0.53882851 -0.3594132  -0.3349584  -0.14532911]			113
[ 0.43       -0.54212051 -0.3148612  -0.3806764  -0.13544111]			1
[ 0.44       -0.52181051 -0.2963412  -0.4107974  -0.13541108]			93
[ 0.43       -0.51394151 -0.3920042  -0.3729304  -0.06037708]			81
[ 0.44       -0.49944051 -0.3559372  -0.4134874  -0.07634308]			27
[ 0.45       -0.47749751 -0.3104342  -0.4632474  -0.10359708]			2
[ 0.46       -0.51771551 -0.3934742  -0.3376974  -0.11869608]			45
[ 0.47       -0.50281951 -0.3591862  -0.3780064  -0.13295508]			78
[ 0.46       -0.50611191 -0.3146342  -0.4237244  -0.12306708]			44
[ 0.45       -0.51130691 -0.2820012  -0.4546194  -0.11321808]			13
[ 0.46       -0.54272991 -0.4123662  -0.2978464  -0.11983458]			8
[ 0.45       -0.55202691 -0.3743952  -0.3442754  -0.11687758]			25
[ 0.46       -0.53522791 -0.3323272  -0.3896734  -0.14080858]			3
[ 0.45       -0.54042291 -0.2996942  -0.4205684  -0.13095958]			17
[ 0.46       -0.57272791 -0.3718292  -0.3041354  -0.14042088]			23
[ 0.45       -0.56628071 -0.3257672  -0.3876054  -0.11332188]			84
[ 0.44       -0.55841171 -0.4214302  -0.3497384  -0.03828788]			5
[ 0.45       -0.54333471 -0.4018342  -0.3803224  -0.03951218]			122
[ 0.46       -0.51941771 -0.3562692  -0.4302104  -0.06849918]			32
[ 0.47       -0.55028371 -0.4226312  -0.3248054  -0.07741738]			16
[ 0.46       -0.54867291 -0.3580072  -0.4083784  -0.06220138]			5
[ 0.45       -0.55386791 -0.3253742  -0.4392734  -0.05235238]			22
[ 0.46       -0.59082891 -0.4621532  -0.2634784  -0.07853338]			12
[ 0.47       -0.58187771 -0.4144152  -0.3119094  -0.13444238]			1
[ 0.46       -0.58707241 -0.3817822  -0.3428044  -0.12459318]			113
[ 0.45       -0.59036441 -0.3372302  -0.3885224  -0.11470518]			1
[ 0.46       -0.57005441 -0.3187102  -0.4186434  -0.11467515]			38
[ 0.47       -0.54987741 -0.3007282  -0.4482244  -0.11257615]			55
[ 0.46       -0.54200841 -0.3963912  -0.4103574  -0.03754215]			81
[ 0.47       -0.52750741 -0.3603242  -0.4509144  -0.05350815]			34
[ 0.48       -0.56571041 -0.4908752  -0.2813314  -0.07656015]			1
[ 0.49       -0.62051841 -0.4090562  -0.2785496  -0.12688315]			39
[ 0.5        -0.60562241 -0.3747682  -0.3188586  -0.14114215]			78
[ 0.49       -0.60891481 -0.3302162  -0.3645766  -0.13125415]			44
[ 0.48       -0.61410981 -0.2975832  -0.3954716  -0.12140515]			49
[ 0.47       -0.61930481 -0.2649502  -0.4263666  -0.11155615]			17
[ 0.48       -0.65160981 -0.3370852  -0.3099336  -0.12101745]			23
[ 0.47       -0.64516261 -0.2910232  -0.3934036  -0.09391845]			84
[ 0.46       -0.63729361 -0.3866862  -0.3555366  -0.01888445]			5
[ 0.47       -0.62221661 -0.3670902  -0.3861206  -0.02010875]			122
[ 0.48       -0.59829961 -0.3215252  -0.4360086  -0.04909575]			32
[ 0.49       -0.62916561 -0.3878872  -0.3306036  -0.05801395]			16
[ 0.48       -0.62755481 -0.3232632  -0.4141766  -0.04279795]			154
[ 0.49       -0.60724481 -0.3047432  -0.4442976  -0.04276792]			15
[ 0.5        -0.64741781 -0.3878662  -0.3197506  -0.05714292]			23
[ 0.51       -0.62724081 -0.3698842  -0.3493316  -0.05504392]			136
[ 0.52       -0.61273981 -0.3338172  -0.3898886  -0.07100992]			27
[ 0.53       -0.59079681 -0.2883142  -0.4396486  -0.09826392]			2
[ 0.54       -0.63101481 -0.3713542  -0.3140986  -0.11336292]			45
[ 0.55       -0.61611881 -0.3370662  -0.3544076  -0.12762192]			78
[ 0.54       -0.61941121 -0.2925142  -0.4001256  -0.11773392]			44
[ 0.53       -0.62460621 -0.2598812  -0.4310206  -0.10788492]			13
[ 0.54       -0.65602921 -0.3902462  -0.2742476  -0.11450142]			8
[ 0.53       -0.66532621 -0.3522752  -0.3206766  -0.11154442]			25
[ 0.54       -0.64852721 -0.3102072  -0.3660746  -0.13547542]			3
[ 0.53       -0.65372221 -0.2775742  -0.3969696  -0.12562642]			124
[ 0.52       -0.64585321 -0.3732372  -0.3591026  -0.05059242]			5
[ 0.53       -0.63077621 -0.3536412  -0.3896866  -0.05181672]			122
[ 0.54       -0.60685921 -0.3080762  -0.4395746  -0.08080372]			32
[ 0.55       -0.63772521 -0.3744382  -0.3341696  -0.08972192]			16
[ 0.54       -0.63611441 -0.3098142  -0.4177426  -0.07450592]			5
[ 0.53       -0.64130941 -0.2771812  -0.4486376  -0.06465692]			22
[ 0.54       -0.67827041 -0.4139602  -0.2728426  -0.09083792]			12
[ 0.55       -0.66931921 -0.3662222  -0.3212736  -0.14674692]			1
[ 0.54       -0.67451391 -0.3335892  -0.3521686  -0.13689772]			31
[ 0.53       -0.65592991 -0.4124492  -0.3355256  -0.11851372]			82
[ 0.52       -0.65922191 -0.3678972  -0.3812436  -0.10862572]			1
[ 0.53       -0.63891191 -0.3493772  -0.4113646  -0.10859569]			38
[ 0.54       -0.61873491 -0.3313952  -0.4409456  -0.10649669]			55
[ 0.53       -0.61086591 -0.4270582  -0.4030786  -0.03146269]			36
The average prediction error on the test dataset is =  0.014000000000000012
